88.66
88.63
88.71
88.82
88.61
88.73
88.56
88.73
88.63
88.61
88.75
88.63
88.54
88.72
88.72
88.73
88.51
88.78
88.63
88.56
88.72
88.59
88.82
88.69
88.60
88.55
88.60
88.59
88.62
88.76
88.61
88.70
88.72
88.72
88.91
88.76
88.92
88.80
88.71
88.66
88.78
88.92
88.73
88.81
88.70
88.79
88.87
88.78
88.80
88.83
88.80
88.77
88.79
88.74
88.76
88.76
88.73
88.84
88.76
88.84
88.70
88.76
88.73
88.82
88.80
88.90
88.76
88.82
88.69
88.69
88.83
88.64
88.70
88.81
88.91
88.94
88.76
88.78
88.86
88.68
88.80
88.91
88.81
88.75
88.76
88.76
88.91
88.73
88.74
88.78
88.80
88.72
88.75
88.74
88.78
88.68
88.75
88.72
88.83
88.89
88.70
88.75
88.69
88.65
88.72
88.72
88.76
88.74
88.71
88.90
88.82
88.87
88.71
88.58
88.74
88.64
88.79
88.70
88.69
88.73
88.64
88.65
88.79
88.72
88.71
75.01
75.04
75.06
75.08
75.31
74.86
74.86
75.16
75.10
74.90
74.97
74.91
74.85
74.99
75.17
74.92
74.94
74.94
75.02
75.02
75.03
74.82
75.01
75.01
74.89
74.98
74.94
74.79
75.09
74.89
75.00
74.83
75.06
75.01
74.88
75.09
75.02
75.01
75.12
74.97
75.08
75.06
75.07
75.33
75.12
74.95
75.07
74.88
74.94
75.10
75.06
74.89
74.94
75.10
75.13
75.01
75.02
74.93
75.06
75.11
75.03
75.02
75.29
76.03
75.11
75.31
75.52
75.29
75.20
75.30
75.31
75.37
75.51
78.11
86.48
88.51
88.59
89.21
89.25
89.19
89.03
89.18
89.21
88.94
89.11
89.15
89.29
89.38
90.00
90.23
90.10
90.02
90.07
90.79
90.59
90.61
90.73
90.59
90.60
90.55
90.68
90.61
90.87
90.85
91.03
91.14
91.18
91.48
91.45
91.48
91.46
91.40
91.31
91.79
91.90
92.03
91.95
92.27
92.50
93.19
93.75
94.77
97.00
98.08
100.95
103.94
104.81
105.20
106.54
106.83
106.94
107.26
109.77
115.16
115.51
116.35
115.57
113.05
116.31
119.03
126.22
129.93
130.66
130.99
132.23
138.45
140.42
141.45
141.35
141.63
142.12
151.14
156.38
172.22
175.21
175.23
175.53
175.92
178.38
1.91
3.18
3.57
3.94
8.37
9.09
9.85
9.38
9.50
9.34
9.53
9.52
9.48
9.36
9.37
9.40
9.47
9.29
9.37
9.46
9.49
9.52
9.49
9.23
8.77
9.57
9.49
9.45
9.29
7.01
6.21
5.27
5.24
4.48
4.19
3.96
3.88
3.46
3.50
3.23
2.84
2.72
2.88
2.35
1.99
2.01
1.87
1.72
1.25
0.36
0.28
0.25
0.15
0.12
0.16
0.18
0.14
0.48
0.46
0.49
0.50
0.47
0.57
0.50
0.46
0.52
0.59
0.59
0.38
1.16
2.60
2.64
3.45
0.80
0.48
0.73
0.69
0.79
0.58
0.71
0.68
0.63
0.65
0.67
0.73
0.77
0.69
0.76
0.69
0.73
0.71
0.93
5.27
6.82
163.98
153.67
28.51
34.27
95.49
94.82
94.22
94.27
94.42
94.37
94.33
94.21
94.46
93.93
92.79
90.17
86.85
85.45
82.60
80.82
80.88
81.01
81.01
80.95
80.85
80.22
75.34
71.77
62.23
55.78
53.34
49.37
49.50
49.34
49.74
50.01
50.43
64.95
71.36
73.53
74.03
76.70
77.42
77.39
77.70
77.62
77.68
78.08
78.18
77.90
78.16
77.93
78.17
78.19
78.25
77.89
78.28
78.16
78.96
80.79
82.16
82.48
83.17
82.73
83.13
82.90
83.47
83.69
83.59
84.06
84.00
84.02
84.02
84.20
84.41
84.44
84.51
84.52
84.53
84.49
84.93
88.67
88.54
88.69
86.87
91.10
88.65
88.73
89.01
89.00
89.08
89.01
89.05
89.06
89.12
89.15
89.14
89.55
90.03
90.27
90.36
90.37
90.65
91.05
91.41
92.96
93.34
94.47
95.57
96.22
96.18
96.95
97.44
98.18
98.15
99.24
100.93
100.56
102.05
102.86
105.46
106.65
108.79
109.33
111.56
111.89
113.64
115.68
116.29
120.51
121.77
122.85
123.69
124.61
125.41
125.33
126.70
128.04
127.82
128.27
130.84
131.95
134.90
138.99
140.77
141.04
140.52
140.61
141.25
142.09
144.33
145.37
145.98
150.04
149.83
150.44
150.04
153.61
154.25
158.81
160.96
163.26
164.89
166.28
166.69
167.96
167.16
78.43
168.21
78.86
78.90
79.32
179.96
178.99
179.12
179.00
179.00
178.98
179.09
179.05
179.07
179.10
179.07
178.93
179.05
179.00
179.02
179.01
179.05
179.17
179.14
179.08
179.07
179.06
179.25
1.64
1.81
1.98
1.91
1.98
1.88
1.89
1.82
1.95
1.89
2.03
3.34
4.47
5.32
5.97
5.40
8.00
5.73
6.85
77.40
25.93
20.37
21.80
21.15
7.62
5.50
2.78
177.28
177.59
177.74
175.92
176.14
176.21
176.08
175.91
175.89
176.10
175.93
175.90
175.99
175.98
175.83
175.60
175.49
175.70
175.67
175.81
173.85
170.12
174.89
3.64
3.04
7.58
11.69
178.59
179.23
179.30
179.54
178.86
178.95
178.67
177.68
177.96
177.69
177.65
177.72
177.73
179.81
12.73
32.16
41.37
44.07
47.47
48.13
48.97
53.33
58.24
66.71
76.40
79.43
90.84
92.53
90.70
90.30
91.00
95.28
96.09
11.91
104.94
118.70
115.39
111.75
11.09
5.52
89.00
81.68
79.82
83.86
82.35
83.68
86.69
87.80
88.00
89.21
89.05
88.23
86.89
88.02
98.00
121.12
121.30
121.18
134.97
162.80
177.53
178.98
1.69
1.99
4.14
3.53
3.48
3.39
3.35
3.50
3.43
3.49
3.45
3.44
3.51
3.42
3.46
3.43
3.47
3.41
3.33
3.38
3.27
3.18
3.19
3.17
3.09
3.32
4.50
3.32
3.15
3.48
3.57
3.49
3.42
2.20
1.17
1.03
179.62
0.21
0.05
0.22
0.10
0.18
0.12
0.07
0.19
0.16
0.08
0.16
0.10
0.13
0.08
0.12
0.13
0.20
0.18
0.09
0.15
0.13
0.22
0.12
0.11
0.12
0.13
0.12
0.13
0.13
0.10
0.07
0.13
0.11
0.07
0.19
0.13
0.09
0.12
0.07
0.15
0.17
0.16
0.17
0.14
0.14
0.19
0.19
0.15
0.16
0.22
0.10
0.23
0.23
0.21
0.16
0.14
0.20
0.18
0.28
0.27
0.24
177.40
177.10
175.30
176.88
177.58
176.94
177.53
177.38
178.20
175.76
177.51
175.57
177.87
177.46
177.06
176.87
177.44
177.05
179.20
179.75
179.61
178.36
178.06
176.85
176.69
176.65
176.56
177.71
177.95
178.85
178.87
179.06
178.95
178.65
177.29
177.84
173.34
178.98
179.16
0.39
1.29
1.21
1.49
1.50
1.38
1.24
1.28
1.11
1.12
1.17
1.24
170.87
167.17
147.13
123.01
106.48
105.42
104.57
96.35
93.75
89.36
88.66
88.13
88.16
88.23
88.12
88.10
88.15
88.07
88.12
84.38
83.15
80.68
78.54
78.71
78.68
78.78
78.55
78.71
78.76
78.88
78.75
80.16
80.39
80.50
80.38
80.50
80.44
77.39
77.42
79.01
78.87
76.31
76.55
73.95
69.43
61.21
52.15
40.22
34.32
33.72
28.97
28.83
29.39
29.31
29.39
28.96
29.21
29.14
25.04
19.86
18.88
16.92
15.54
15.27
15.09
14.82
14.67
14.16
14.24
13.80
13.33
10.72
8.50
6.99
6.23
4.56
3.00
1.19
0.01
179.46
174.15
176.80
176.76
176.55
176.44
176.57
176.66
176.04
175.82
176.02
175.76
175.89
175.79
175.96
176.04
177.26
177.45
173.33
0.17
0.31
0.50
0.96
1.12
1.09
1.22
1.34
1.25
1.26
1.28
1.25
1.22
1.24
1.17
1.26
1.26
1.02
1.17
1.22
1.21
1.28
1.22
1.28
1.24
1.23
1.94
1.75
1.37
1.25
1.23
1.35
1.46
1.54
1.46
1.51
1.54
1.39
1.46
1.50
1.56
1.45
1.34
1.33
1.24
1.27
1.31
1.67
1.86
1.97
2.13
9.27
9.59
5.29
2.18
0.29
0.07
179.79
179.67
160.59
9.59
126.55
141.45
0.06
0.97
0.61
1.73
1.57
1.88
1.83
1.55
1.62
1.67
1.83
2.01
2.08
2.15
1.88
1.65
1.62
1.55
1.69
1.01
0.84
1.46
1.74
1.84
1.73
1.59
1.56
1.55
1.70
1.62
1.71
1.69
1.53
1.64
1.68
1.89
1.69
1.80
1.49
1.73
1.73
1.61
1.52
1.60
1.47
1.56
1.66
1.50
1.46
1.51
1.52
1.50
1.61
1.42
1.40
1.27
1.23
1.37
1.60
1.42
1.58
1.54
1.51
1.68
1.73
1.81
1.65
1.39
1.63
2.01
1.96
2.00
3.05
4.82
6.06
6.24
6.20
5.98
6.09
5.78
5.88
5.68
5.67
5.60
5.55
5.48
5.53
5.61
6.69
6.71
6.71
6.92
6.85
7.88
8.17
8.86
9.63
10.20
11.03
11.28
13.21
13.72
16.43
17.09
17.18
16.89
16.99
16.98
19.92
21.63
25.14
25.96
29.11
31.33
34.78
36.67
37.07
44.68
45.10
48.08
50.98
55.80
59.83
63.32
68.59
69.88
74.77
78.26
80.54
88.87
89.01
89.03
88.95
89.49
89.40
70.63
87.85
87.90
88.73
88.72
88.77
88.73
88.78
88.75
88.79
88.71
88.78
89.06
89.25
90.00
90.01
89.94
90.02
89.92
89.56
89.89
89.84
89.98
89.86
89.99
90.47
90.64
90.97
91.21
91.19
91.06
91.80
91.84
91.82
92.26
92.23
92.30
92.36
92.34
92.22
92.32
92.77
93.63
96.35
98.66
104.93
110.07
113.49
116.94
123.53
128.10
127.72
128.30
128.27
128.41
128.47
128.31
129.46
130.35
131.87
133.12
136.98
142.69
146.27
150.25
153.79
156.53
157.17
157.30
157.86
158.01
158.09
158.46
158.97
159.24
159.34
159.39
159.37
159.48
159.53
159.67
159.62
160.59
161.78
162.64
165.08
168.85
169.50
171.98
172.70
172.68
174.49
174.82
175.16
175.22
175.83
179.66
3.18
7.98
9.52
14.33
19.51
20.87
20.98
20.85
21.00
20.91
20.76
20.88
20.91
21.34
21.22
22.62
23.15
22.97
17.59
12.87
11.45
11.10
10.89
10.77
10.71
10.43
10.01
8.99
7.65
6.16
3.99
2.43
2.27
1.13
0.96
1.19
0.98
0.89
0.76
0.61
0.38
0.58
0.40
0.45
0.68
0.25
179.91
179.80
179.57
178.62
179.56
179.84
179.67
179.49
179.07
179.21
179.50
1.10
1.39
1.65
1.48
1.61
1.86
1.87
1.95
1.84
1.79
179.41
179.67
179.39
179.35
179.30
179.48
179.53
179.19
179.24
179.34
179.40
179.35
179.29
179.27
179.29
179.37
179.37
179.38
179.35
179.31
179.36
179.30
179.34
179.32
179.27
179.33
179.25
179.28
179.32
179.33
179.28
179.33
179.30
179.35
179.41
179.42
179.37
179.50
179.49
179.46
179.48
179.48
179.47
179.44
179.43
179.44
179.41
179.41
179.48
179.48
179.41
179.42
179.37
179.44
179.36
179.33
179.37
179.34
179.90
0.90
95.04
98.95
101.68
97.40
123.70
139.30
75.64
176.45
0.07
179.55
179.58
179.62
179.63
179.30
179.59
179.62
179.24
179.67
179.76
179.74
179.91
166.29
154.98
158.79
160.28
162.53
160.22
174.69
178.60
179.36
179.25
179.31
179.18
179.27
179.22
179.18
179.05
179.05
179.09
179.16
179.37
179.67
179.78
179.85
179.77
179.61
179.64
179.48
179.42
0.00
0.12
359.93
0.03
0.03
359.92
0.08
359.99
359.88
359.87
359.88
0.09
359.88
359.90
0.13
359.96
358.10
0.11
0.03
359.79
357.86
344.01
300.61
193.59
283.71
285.09
285.00
279.88
273.75
272.46
272.35
272.95
272.68
272.86
293.47
273.13
272.27
273.34
273.35
273.40
272.74
272.70
272.63
272.66
273.00
272.93
274.17
273.50
272.81
273.45
273.22
273.21
273.23
273.29
273.17
273.23
273.18
273.22
273.30
273.26
273.18
273.21
273.21
273.34
273.13
273.30
273.16
273.30
273.15
273.27
273.20
273.27
273.21
273.30
273.19
273.37
273.23
273.32
273.24
273.44
273.34
273.33
273.32
273.15
273.24
273.28
273.38
273.30
273.28
273.35
273.28
273.35
273.25
273.22
273.39
273.32
273.28
273.31
273.30
273.33
273.41
273.26
273.29
273.34
273.35
273.30
273.26
273.19
273.40
273.32
273.27
273.23
273.29
273.19
273.16
273.22
273.17
273.25
273.40
273.19
273.60
273.03
275.86
273.71
274.60
275.80
287.82
298.00
303.94
309.40
314.81
314.57
314.60
317.38
330.03
336.54
342.75
349.41
350.78
356.46
357.94
1.13
1.26
358.06
307.75
3.18
3.53
3.73
4.09
184.47
184.62
184.57
3.39
185.21
184.60
195.50
1.55
1.14
1.59
1.40
1.66
1.43
1.01
1.66
1.37
1.28
1.08
1.15
1.52
1.41
0.70
0.99
1.90
3.34
3.34
3.34
184.75
184.66
184.78
186.26
188.70
188.47
188.91
190.03
190.53
190.40
192.76
195.29
196.19
196.42
203.23
204.49
204.61
205.21
205.37
205.60
203.65
202.74
199.22
198.11
197.91
197.74
198.08
197.99
198.01
197.92
197.86
197.83
197.89
197.84
197.89
197.97
197.96
198.05
197.88
197.94
197.90
197.90
197.92
197.97
197.91
197.94
197.92
198.11
198.60
282.85
194.53
194.45
195.92
193.32
187.54
187.05
184.33
4.05
0.11
0.09
0.16
359.75
359.54
359.86
0.28
0.62
358.80
357.84
357.24
355.58
353.03
346.64
341.55
336.51
328.35
323.11
323.17
323.31
323.55
322.37
323.44
317.29
308.86
307.75
301.00
298.79
297.05
291.21
287.81
280.38
270.72
270.83
269.42
269.42
269.21
265.09
265.86
267.11
267.33
267.13
267.11
265.76
260.50
258.37
252.19
243.58
233.65
230.07
227.00
224.99
222.76
221.55
216.53
215.36
216.80
216.18
216.22
216.21
213.73
201.47
197.08
192.55
190.48
189.68
185.82
185.77
184.41
185.56
184.37
184.31
3.73
2.13
0.78
358.16
357.16
356.91
356.76
356.85
358.17
0.44
1.47
2.22
2.13
2.36
1.93
1.99
1.66
0.91
1.00
1.05
359.67
358.20
357.84
357.00
356.05
355.89
352.63
351.90
351.81
350.97
348.84
344.60
336.98
332.65
326.18
324.76
322.26
317.64
309.96
296.16
284.40
277.90
273.52
275.71
302.51
309.90
325.93
1.65
3.43
187.63
193.26
198.99
200.88
200.19
199.72
199.86
200.23
200.82
200.88
201.38
202.21
203.70
206.01
205.94
211.01
212.05
214.32
218.25
221.02
225.22
226.19
228.74
235.33
238.54
240.05
241.05
243.13
245.88
247.48
247.01
247.66
247.69
248.23
250.57
253.57
255.11
256.81
260.65
262.21
264.76
267.95
273.72
276.30
278.93
282.08
282.80
283.68
284.12
284.18
284.40
284.36
285.01
288.33
293.35
294.70
296.29
298.23
300.17
301.84
303.09
304.32
307.27
310.32
312.66
313.91
316.65
319.27
320.68
322.77
324.22
325.68
328.67
332.44
335.35
340.29
341.51
343.34
342.20
343.04
343.59
346.29
344.82
354.29
354.09
354.18
353.84
353.96
353.94
354.11
354.16
354.22
354.04
354.52
354.21
354.73
354.88
354.75
357.29
359.42
358.07
359.64
0.22
3.54
184.65
184.27
188.16
190.58
190.71
190.63
190.60
190.39
190.52
190.61
190.52
190.49
190.37
192.03
193.67
357.64
350.40
350.34
347.23
352.62
352.81
353.03
352.58
352.86
353.05
352.87
352.89
352.67
352.70
352.19
352.98
352.80
352.88
352.83
352.99
353.06
352.76
353.07
353.02
353.11
353.11
353.01
0.00
5.29
5.29
5.42
5.29
5.29
5.28
4.19
4.19
5.28
4.82
359.42
359.42
4.82
2.78
2.78
1.08
2.05
2.78
4.65
5.01
5.01
5.01
4.53
4.53
3.40
1.91
1.91
3.40
1.25
1.25
1.64
1.64
1.21
1.64
1.17
1.17
4.35
4.97
11.20
11.47
354.09
11.47
11.47
12.64
341.02
341.02
354.12
354.12
355.68
355.68
351.42
351.34
351.42
35.10
14.73
1.06
1.06
0.59
1.06
1.32
359.14
359.14
359.14
0.73
0.73
0.72
0.72
1.50
1.50
1.50
12.20
12.20
10.56
12.20
19.76
10.56
19.76
19.76
9.95
6.79
5.98
1.72
5.98
6.79
8.43
9.27
9.63
313.28
313.28
313.20
313.20
309.33
307.35
18.24
18.24
18.24
18.24
21.63
22.04
23.75
23.75
24.57
24.57
26.33
26.75
27.87
26.33
29.38
65.39
29.38
65.39
65.39
34.11
34.11
34.42
34.42
37.52
51.43
62.70
70.63
68.83
70.63
72.85
70.63
72.85
307.61
262.03
307.61
342.91
342.91
262.03
22.75
10.52
10.18
10.18
9.30
9.30
7.85
7.45
7.16
7.45
7.85
357.49
357.72
357.72
357.49
352.83
7.69
5.74
7.69
352.83
262.03
352.14
353.20
353.61
352.40
352.40
353.28
352.40
262.03
262.03
262.03
262.03
262.03
262.03
262.03
262.03
262.03
262.03
262.03
262.03
262.03
262.03
262.03
262.03
262.03
262.03
262.03
262.03
262.03
262.03
311.08
318.28
318.28
327.95
354.07
327.95
327.95
320.98
319.42
282.37
282.37
262.03
262.03
262.03
262.03
262.03
262.03
343.78
343.78
350.90
350.90
350.90
12.65
12.65
12.65
12.65
299.06
299.06
299.06
298.18
297.50
262.03
42.04
36.83
36.83
42.04
262.03
262.03
262.03
262.03
262.03
35.47
35.47
29.73
29.73
30.59
35.79
35.79
36.36
67.29
67.29
67.80
68.34
341.40
341.40
341.40
341.40
341.40
341.42
342.00
342.24
342.69
342.88
342.88
343.24
343.24
343.24
342.33
341.58
341.58
342.08
342.08
341.58
342.08
262.03
262.03
262.03
347.22
262.03
262.03
39.11
34.13
22.68
20.84
22.68
28.38
28.38
28.38
28.38
13.47
13.47
13.47
349.17
349.17
349.93
349.93
346.04
344.11
262.03
40.76
38.62
40.76
40.76
35.53
27.66
23.56
23.00
19.25
15.56
15.56
15.56
15.56
15.56
26.54
26.54
26.54
26.54
26.54
28.61
28.61
52.20
70.09
349.76
349.76
354.33
354.33
340.38
337.41
308.06
308.06
322.22
322.22
322.36
322.36
326.79
329.29
336.55
329.29
329.29
329.29
32.34
32.34
325.92
325.92
27.80
27.80
27.80
27.80
317.05
317.05
332.75
332.75
332.75
330.10
339.44
330.10
328.68
327.79
315.18
315.18
317.33
327.79
317.33
317.33
297.96
297.96
297.96
321.18
321.18
321.18
321.18
321.18
325.70
326.74
326.74
326.74
331.43
326.60
326.60
331.40
332.15
331.40
331.40
332.15
320.17
319.94
320.17
332.52
322.70
322.70
332.52
333.59
322.70
322.48
277.08
24.86
24.86
277.08
334.95
340.51
341.91
340.51
341.91
341.91
334.24
332.16
334.24
334.24
334.24
328.35
324.61
324.61
320.84
316.94
309.80
309.63
309.63
297.59
263.77
262.03
81.79
73.15
69.57
69.57
69.57
69.57
69.66
70.42
70.42
69.66
69.44
69.44
69.22
69.05
67.40
65.71
64.21
64.00
64.00
64.00
64.27
64.46
64.46
64.44
64.44
64.46
64.44
64.44
63.70
63.70
63.70
64.36
64.36
64.36
63.48
63.05
63.04
55.17
55.17
55.17
58.97
58.97
58.97
58.97
56.15
56.15
56.15
56.54
56.15
55.97
55.81
55.81
55.74
55.44
55.44
55.11
55.44
56.88
56.88
54.75
54.87
54.28
54.28
54.28
54.87
54.87
55.71
55.71
55.71
55.71
56.26
56.26
56.54
56.54
56.54
55.57
55.19
55.19
55.30
55.30
55.30
55.30
56.46
54.69
54.59
54.69
55.11
55.11
55.53
56.21
56.69
56.69
56.69
56.24
52.51
52.51
53.03
53.03
55.25
55.25
55.46
56.06
56.56
55.46
55.84
55.84
55.84
53.21
55.19
54.17
54.17
54.17
55.19
55.46
55.46
56.39
56.39
56.39
56.45
56.45
56.70
55.09
55.60
55.60
56.87
56.22
56.75
56.87
56.75
56.24
56.24
56.24
55.77
55.77
55.77
56.02
56.02
56.28
57.50
57.50
57.50
57.19
56.23
56.23
56.23
56.23
57.11
57.11
56.28
57.22
56.28
55.62
55.62
55.62
55.62
56.66
56.66
56.66
56.66
56.56
56.27
56.27
55.86
55.86
56.86
60.00
56.86
56.86
56.76
56.76
56.76
56.40
56.40
56.79
55.80
55.78
55.78
55.78
55.78
56.08
56.08
56.25
56.57
56.57
57.79
57.79
59.51
59.51
57.06
55.57
55.57
55.57
55.57
56.76
56.76
56.76
56.39
55.71
55.71
56.39
55.71
57.03
57.03
57.10
55.93
56.44
55.93
55.93
55.93
56.44
56.85
56.85
56.85
56.85
55.12
55.12
57.00
0.00
358.54
5.34
5.46
5.46
5.57
5.46
5.57
5.46
0.62
0.62
3.00
3.00
349.65
357.71
357.98
358.09
358.44
358.44
358.49
358.44
357.59
357.59
357.57
357.57
357.57
358.29
358.45
358.52
358.52
358.67
358.67
358.52
358.67
358.50
358.29
358.50
358.50
358.15
358.15
358.15
358.15
358.15
358.35
358.26
358.35
358.26
358.26
358.26
358.36
357.89
358.36
358.40
358.40
359.19
359.19
359.19
359.19
350.18
350.18
358.46
350.18
358.20
358.20
358.20
358.20
359.06
359.06
359.23
359.06
358.47
358.45
358.42
358.02
358.02
358.02
358.74
358.74
358.74
358.42
358.42
358.42
359.08
359.08
359.30
359.08
358.61
358.61
358.61
358.40
358.33
351.05
351.05
358.24
358.24
358.53
358.81
358.70
358.70
358.70
358.33
358.33
358.33
358.33
358.71
358.71
358.71
358.71
358.71
358.40
352.15
352.15
352.15
358.96
359.41
359.41
359.41
358.46
358.46
357.97
357.97
350.85
350.85
350.85
358.08
358.08
358.81
359.13
358.08
355.89
359.20
350.47
350.47
354.53
358.44
354.53
354.53
357.95
357.95
1.85
357.95
357.95
348.66
348.66
358.68
348.66
359.16
359.16
7.64
5.46
7.64
7.64
192.34
192.34
192.34
2.78
2.78
2.78
3.15
4.39
4.77
11.49
192.34
192.72
195.88
193.38
195.88
196.35
197.30
201.61
203.34
213.07
213.07
213.07
213.07
213.07
214.39
215.01
215.01
225.92
225.92
222.55
222.55
222.55
221.60
217.72
217.60
217.60
217.60
218.17
218.17
218.20
218.17
217.43
217.43
217.43
217.43
218.22
